0 0.129297 0.354167 0.016406 0.025000
1 0.818750 0.273611 0.035937 0.055556
2 0.152734 0.385417 0.071094 0.190278
2 0.301953 0.384722 0.063281 0.138889
2 0.383594 0.420139 0.059375 0.201389
2 0.455469 0.450000 0.053125 0.191667
2 0.515234 0.638889 0.046094 0.236111
2 0.438672 0.795833 0.103906 0.241667
2 0.545312 0.452083 0.046875 0.229167
2 0.626563 0.481250 0.073438 0.223611
2 0.520312 0.293750 0.026562 0.168056
2 0.544922 0.322222 0.036719 0.152778
2 0.284375 0.240972 0.035937 0.165278
2 0.328906 0.234722 0.037500 0.175000
